nail_thresh: 0.39
nail_metric: 0.8521135449409485
cap_thresh: 0.35
cap_metric: 0.3904854357242584