nail_thresh: 0.3
nail_metric: 0.7319290041923523
cap_thresh: 0.35
cap_metric: 0.3495723307132721