nail_thresh: 0.22
nail_metric: 0.7561801671981812
cap_thresh: 0.22
cap_metric: 0.36105069518089294