nail_thresh: 0.44
nail_metric: 0.8185817003250122
cap_thresh: 0.27
cap_metric: 0.4001978039741516