nail_thresh: 0.38
nail_metric: 0.7920638918876648
cap_thresh: 0.35
cap_metric: 0.3396616280078888