nail_thresh: 0.85
nail_metric: 0.7701713442802429
cap_thresh: 0.26
cap_metric: 0.3636264503002167