nail_thresh: 0.32
nail_metric: 0.3865976631641388
cap_thresh: 0.43
cap_metric: 0.34573808312416077