nail_thresh: 0.71
nail_metric: 0.9338262677192688
cap_thresh: 0.87
cap_metric: 0.43072324991226196