nail_thresh: 0.33
nail_metric: 0.8755972981452942
cap_thresh: 0.3
cap_metric: 0.3809312582015991