nail_thresh: 0.13
nail_metric: 0.8903878927230835
cap_thresh: 0.76
cap_metric: 0.3989710807800293