nail_thresh: 0.41
nail_metric: 0.738761842250824
cap_thresh: 0.57
cap_metric: 0.3901281952857971