nail_thresh: 0.58
nail_metric: 0.6988508701324463
cap_thresh: 0.21
cap_metric: 0.3070506453514099