nail_thresh: 0.6
nail_metric: 0.8576238751411438
cap_thresh: 0.37
cap_metric: 0.3665151298046112