nail_thresh: 0.07
nail_metric: 0.8668423891067505
cap_thresh: 0.4
cap_metric: 0.4253411889076233