nail_thresh: 0.13
nail_metric: 0.856747031211853
cap_thresh: 0.65
cap_metric: 0.41017720103263855