nail_thresh: 0.51
nail_metric: 0.7687695026397705
cap_thresh: 0.22
cap_metric: 0.4103683531284332