nail_thresh: 0.42
nail_metric: 0.7627741694450378
cap_thresh: 0.39
cap_metric: 0.3403675854206085