nail_thresh: 0.61
nail_metric: 0.6291995644569397
cap_thresh: 0.42
cap_metric: 0.3615187406539917