nail_thresh: 0.5
nail_metric: 0.9278475046157837
cap_thresh: 0.32
cap_metric: 0.3961929380893707