nail_thresh: 0.15
nail_metric: 0.9040574431419373
cap_thresh: 0.61
cap_metric: 0.3868245482444763