nail_thresh: 0.05
nail_metric: 0.9033586382865906
cap_thresh: 0.59
cap_metric: 0.4276425242424011